0 0 10 1 0 3 6 5 2 7 4
0 1 12 1 2 3 6 5 0 7 4
0 2 11 1 2 3 6 0 5 7 4
0 5 12 1 2 3 0 6 5 7 4
0 6 14 1 2 3 4 6 5 7 0
0 8 13 1 2 3 4 0 5 7 6
0 9 14 1 2 3 4 5 0 7 6
0 10 13 1 2 3 4 5 7 0 6
0 11 14 1 2 3 4 5 7 6 0
0 7 12 1 2 3 4 6 5 0 7
0 10 12 1 0 3 4 5 2 7 6
0 12 12 1 2 3 0 5 7 6 4
0 13 12 1 2 3 4 0 7 6 5
0 8 12 1 2 3 4 6 0 5 7
0 9 13 1 2 3 4 0 6 5 7
0 11 14 1 2 3 4 7 6 5 0
0 12 13 1 2 3 4 7 6 0 5
0 14 12 1 2 3 4 7 0 6 5
0 12 12 1 2 3 0 7 6 5 4
0 13 12 1 2 3 4 7 0 6 5
0 4 11 1 2 3 6 4 5 7 0
0 9 11 0 2 3 4 1 5 7 6
0 12 12 6 2 3 4 1 5 7 0
0 12 12 5 2 3 4 1 0 7 6
0 11 11 1 2 3 0 4 5 7 6
0 15 11 1 2 3 6 5 7 0 4
0 13 11 5 2 3 4 0 1 7 6
0 15 12 5 2 3 4 6 1 7 0
0 13 11 5 2 3 4 1 7 0 6
0 14 12 5 2 3 4 1 7 6 0
0 16 11 1 2 3 6 5 7 4 0
0 14 11 0 2 3 4 5 1 7 6
0 17 12 6 2 3 4 5 1 7 0
0 12 11 1 2 3 0 4 6 5 7
0 11 11 4 2 3 0 1 5 7 6
0 5 11 1 2 3 0 4 5 7 6
0 10 11 0 2 3 4 1 6 5 7
0 13 12 7 2 3 4 1 6 5 0
0 13 11 1 2 0 4 7 6 3 5
0 15 11 1 2 3 5 7 6 0 4
0 12 11 4 2 3 0 1 6 5 7
0 14 11 7 2 3 4 1 6 0 5
0 14 11 1 2 4 0 7 6 3 5
0 16 11 1 2 3 5 7 6 4 0
0 15 11 4 2 3 1 0 6 5 7
0 17 12 4 2 3 1 7 6 5 0
0 17 11 1 2 3 0 7 6 4 5
0 18 11 4 2 3 1 7 6 0 5
0 13 11 4 2 3 7 1 6 5 0
0 17 11 1 2 4 3 7 6 0 5
0 18 12 1 2 4 3 7 6 5 0
0 15 11 1 2 4 5 7 6 3 0
0 20 11 1 2 4 3 0 6 5 7
0 12 11 4 2 3 6 1 5 7 0
0 15 11 1 2 3 7 0 6 5 4
0 14 11 4 2 3 1 0 5 7 6
0 16 12 4 2 3 1 6 5 7 0
0 15 12 4 2 3 1 5 0 7 6
0 17 11 1 2 3 7 4 6 5 0
0 13 11 1 2 3 7 4 6 5 0
0 16 11 4 2 3 0 5 1 7 6
0 11 11 1 3 0 4 5 2 7 6
0 11 11 1 2 0 4 5 7 3 6
0 17 11 1 2 3 0 5 7 4 6
0 16 11 4 2 3 1 5 7 0 6
0 17 12 4 2 3 1 5 7 6 0
0 17 11 4 2 3 6 5 1 7 0
0 12 11 1 2 4 0 5 7 3 6
0 12 11 1 3 7 4 5 2 0 6
0 13 12 1 3 7 4 5 2 6 0
0 12 11 1 3 4 0 5 2 7 6
0 2 11 1 2 3 6 5 7 0 4
0 15 11 1 2 4 3 5 7 0 6
0 16 12 1 2 4 3 5 0 7 6
0 16 12 1 2 4 3 5 7 6 0
0 13 11 1 3 4 6 5 2 7 0
0 13 11 1 2 4 6 5 7 3 0
0 17 11 1 2 4 3 0 5 7 6
0 19 12 1 2 4 3 6 5 7 0
0 11 11 0 1 3 4 5 2 7 6
0 14 12 6 1 3 4 5 2 7 0
0 14 12 2 1 3 4 5 0 7 6
0 12 11 5 1 3 4 0 2 7 6
0 14 12 5 1 3 4 6 2 7 0
0 13 11 4 1 3 0 5 2 7 6
0 15 11 2 1 3 4 0 5 7 6
0 17 12 2 1 3 4 6 5 7 0
0 14 11 4 1 3 6 5 2 7 0
0 15 11 2 1 3 4 5 7 0 6
0 16 12 2 1 3 4 5 7 6 0
0 18 10 1 0 3 7 2 6 5 4
0 19 11 1 3 0 7 2 6 5 4
0 20 13 1 3 5 7 2 6 0 4
0 21 14 1 3 5 7 2 0 6 4
0 21 14 1 3 5 7 2 6 4 0
0 22 13 1 3 5 7 0 2 6 4
0 24 14 1 3 5 7 4 2 6 0
0 22 12 1 0 5 7 2 3 6 4
0 22 12 1 3 5 0 2 6 4 7
0 25 12 1 3 5 0 4 2 6 7
0 25 12 1 3 5 7 4 2 0 6
0 23 12 1 3 5 7 0 6 4 2
0 26 12 1 3 5 7 4 0 2 6
0 27 13 1 3 5 7 0 4 2 6
0 29 14 1 3 5 7 6 4 2 0
0 30 13 1 3 5 7 6 4 0 2
0 24 12 1 3 5 7 6 0 4 2
0 30 12 1 3 5 0 6 4 2 7
0 31 12 1 3 5 7 6 0 4 2
0 23 11 0 1 5 7 2 3 6 4
0 26 12 4 1 5 7 2 3 6 0
0 26 12 3 1 5 7 2 0 6 4
0 23 11 1 5 0 7 2 3 6 4
0 31 11 1 3 0 7 6 4 5 2
0 33 11 1 3 5 6 0 4 2 7
0 24 11 2 1 5 7 0 3 6 4
0 26 12 2 1 5 7 4 3 6 0
0 27 11 3 1 5 7 0 2 6 4
0 29 12 3 1 5 7 4 2 6 0
0 24 11 1 5 6 7 2 3 0 4
0 25 12 1 5 6 7 2 3 4 0
0 25 11 1 3 5 4 2 6 0 7
0 26 12 1 3 5 4 2 0 6 7
0 28 11 0 3 5 7 1 4 2 6
0 31 12 6 3 5 7 1 4 2 0
0 20 11 1 3 7 0 2 6 5 4
0 25 11 1 3 5 0 7 2 6 4
0 23 11 0 3 5 7 1 2 6 4
0 26 12 4 3 5 7 1 2 6 0
0 26 12 2 3 5 7 1 0 6 4
0 28 11 1 3 5 4 0 2 6 7
0 30 11 1 3 5 0 7 4 2 6
0 26 11 1 3 5 4 7 2 6 0
0 25 11 7 3 5 0 1 2 6 4
0 27 11 2 3 5 7 0 1 6 4
0 29 12 2 3 5 7 4 1 6 0
0 27 11 2 3 5 7 1 6 0 4
0 28 12 2 3 5 7 1 6 4 0
0 30 11 1 3 5 4 7 2 6 0
0 31 11 1 3 5 6 7 4 2 0
0 28 11 7 3 5 1 0 2 6 4
0 30 12 7 3 5 1 4 2 6 0
0 29 12 7 3 5 1 2 0 6 4
0 26 11 7 3 5 4 1 2 6 0
0 28 11 0 3 5 7 2 1 6 4
0 31 12 4 3 5 7 2 1 6 0
0 30 11 7 3 5 1 2 6 0 4
0 31 12 7 3 5 1 2 6 4 0
0 33 11 1 3 5 2 6 4 0 7
0 30 11 7 3 5 0 2 1 6 4
0 27 11 3 1 5 7 2 6 0 4
0 28 12 3 1 5 7 2 6 4 0
0 34 11 1 3 5 2 6 4 7 0
0 31 11 7 3 5 4 2 1 6 0
0 30 11 7 3 5 0 1 4 2 6
0 35 11 1 3 5 0 6 4 7 2
0 32 11 6 3 5 7 1 4 0 2
0 33 11 7 3 5 1 0 4 2 6
0 35 12 7 3 5 1 6 4 2 0
0 31 11 7 3 5 6 1 4 2 0
0 23 11 1 3 7 5 2 6 0 4
0 24 12 1 3 7 5 2 0 6 4
0 24 12 1 3 7 5 2 6 4 0
0 36 11 7 3 5 1 6 4 0 2
0 21 11 1 3 7 4 2 6 5 0
0 25 11 1 3 7 5 0 2 6 4
0 27 12 1 3 7 5 4 2 6 0
0 25 11 7 1 5 0 2 3 6 4
0 24 11 1 5 7 0 2 3 6 4
0 26 11 7 1 5 4 2 3 6 0
0 25 11 1 5 7 4 2 3 6 0
0 26 11 1 3 5 4 2 6 7 0
0 27 11 1 3 5 4 0 2 6 7
0 27 11 1 3 5 0 2 6 7 4
0 32 11 1 3 7 0 6 4 5 2
0 35 11 1 3 5 6 7 4 2 0
0 35 11 1 3 7 5 6 4 0 2
0 36 12 1 3 7 5 6 4 2 0
0 33 11 1 3 7 2 6 4 5 0
0 38 11 1 3 7 5 0 4 2 6
0 32 10 0 3 5 1 6 4 2 7
0 32 10 1 0 5 7 6 3 4 2
0 25 10 2 1 5 7 3 0 6 4
0 28 10 1 3 5 4 0 6 7 2
0 25 10 1 0 5 7 6 3 4 2
0 32 10 0 3 5 7 6 4 2 1
0 32 10 1 3 0 7 6 4 2 5
0 39 10 1 3 7 5 4 0 2 6
0 12 10 1 0 3 4 2 6 5 7
0 30 10 1 0 5 7 3 4 2 6
0 27 10 1 0 5 7 4 3 2 6
0 27 10 0 3 5 1 4 2 6 7
0 30 11 2 3 5 1 4 0 6 7
0 31 12 2 3 5 1 0 4 6 7
0 34 12 2 3 5 0 1 4 6 7
0 35 14 2 3 5 7 1 4 6 0
0 32 12 0 3 5 1 2 4 6 7
0 35 14 7 3 5 1 2 4 6 0
0 34 14 1 3 5 0 2 4 6 7
0 35 16 1 3 5 7 2 4 6 0
