10 0 10 1 0 3 6 5 2 7 4
13 1 12 1 2 3 6 5 0 7 4
13 2 11 1 2 3 6 0 5 7 4
17 5 12 1 2 3 0 6 5 7 4
20 6 14 1 2 3 4 6 5 7 0
21 8 13 1 2 3 4 0 5 7 6
23 9 14 1 2 3 4 5 0 7 6
23 10 13 1 2 3 4 5 7 0 6
25 11 14 1 2 3 4 5 7 6 0
25 13 12 1 2 3 4 0 7 6 5
26 16 10 1 2 3 0 4 7 6 5
28 19 9 1 2 3 6 4 7 0 5
30 20 10 1 2 3 6 4 0 7 5
31 21 10 1 2 3 6 0 4 7 5
35 24 11 1 2 3 0 6 4 7 5
36 27 9 1 2 3 7 6 4 0 5
39 28 11 1 2 3 7 6 4 5 0
40 30 10 1 2 3 7 0 4 5 6
44 33 11 1 0 3 7 2 4 5 6
46 34 12 1 3 0 7 2 4 5 6
49 35 14 1 3 5 7 2 4 0 6
52 36 16 1 3 5 7 2 4 6 0
