8 0 8 3 0 1 4 2 6 5 7
9 1 8 3 6 1 4 2 0 5 7
11 2 9 3 6 1 4 0 2 5 7
14 4 10 3 6 1 4 7 2 5 0
14 7 7 0 6 1 4 7 2 5 3
18 10 8 2 6 1 4 7 0 5 3
19 11 8 2 0 1 4 7 6 5 3
21 12 9 0 2 1 4 7 6 5 3
27 15 12 3 2 1 4 7 6 5 0
28 17 11 3 2 1 4 0 6 5 7
29 20 9 3 2 1 0 4 6 5 7
31 23 8 3 2 1 5 4 6 0 7
34 24 10 3 2 1 5 4 6 7 0
36 26 10 3 2 1 5 0 6 7 4
41 29 12 3 2 1 0 5 6 7 4
44 30 14 3 2 1 4 5 6 7 0
44 33 11 0 2 1 4 5 6 7 3
46 36 10 6 2 1 4 5 0 7 3
46 35 11 4 2 1 0 5 6 7 3
49 36 13 4 2 1 3 5 6 7 0
49 39 10 4 2 0 3 5 6 7 1
52 40 12 4 2 3 0 5 6 7 1
55 41 14 4 2 3 1 5 6 7 0
56 44 12 0 2 3 1 5 6 7 4
60 46 14 1 2 3 0 5 6 7 4
63 47 16 1 2 3 4 5 6 7 0
