0 0 8 3 0 1 4 2 6 5 7
0 1 8 3 6 1 4 2 0 5 7
0 2 9 3 6 1 4 0 2 5 7
0 4 10 3 6 1 4 7 2 5 0
0 5 9 3 6 1 4 7 2 0 5
0 2 8 3 6 1 4 2 5 0 7
0 3 10 3 6 1 4 2 5 7 0
0 5 9 3 6 1 4 0 5 7 2
0 6 10 3 6 1 4 5 0 7 2
0 7 10 3 0 1 4 5 6 7 2
0 8 10 0 3 1 4 5 6 7 2
0 11 13 2 3 1 4 5 6 7 0
0 12 11 2 3 1 0 5 6 7 4
0 12 11 2 3 1 4 5 6 0 7
0 13 11 2 3 1 4 0 6 7 5
0 13 10 2 3 0 1 5 6 7 4
0 14 11 2 0 3 1 5 6 7 4
0 15 12 0 2 3 1 5 6 7 4
0 18 14 4 2 3 1 5 6 7 0
0 17 14 1 2 3 0 5 6 7 4
0 18 16 1 2 3 4 5 6 7 0
